1  3746.5  3746.5  3746.5  36.8124  36.8124  36.8124  36.8124  36.8124  36.8124  36.8124  2.24208e-44  -0  
2  1798.46  1798.46  1798.46  1798.46  1798.46  1798.46  1798.46  1798.46  1798.46  1798.46  1798.46  1798.46  9.2752
3  534.951  534.951  534.951
4  580.4  580.4  580.4
5  635.276  635.276  635.276
6  472.075  472.075  472.075
7  342.44  342.44  342.44
8  447.632  447.632  447.632
9  140.721  140.721  140.721
10  236.215  236.215  236.215  1.85564  1.85564  1.85564  1.85564  1.85151
11  247.968  247.968  247.968
12  126.243  126.243  126.243
13  153.909  153.909  153.909
14  132.458  132.458  132.458
15  212.591  212.591  212.591
16  94.5057  94.5057  94.5057
17  2.15824  2.15824
20  1.83347  1.83347  1.83347
